267600
267601
267604
267619
267620
267933
267934
267935
267936
267940
267941
267943
267944
267948
267951
267953
267961
267966
267971
267972
267976
267988
267990
267993
267994
267995
267996
267997
267998
268000
268002
268003
268004
268007
268017
268019
268023
268024
268027
268035
268036
268040
268041
268042
268043
268048
268050
268055
268058
268061
268065
268079
268156
268158
268162
268228
268342
268343
268344
268346
268348
268350
268352
268354
268355
268356
268357
268397
268398
268401
268408
268409
268411
268413
268428
268433
268449
268473
268475
268498
268500
268504
268506
268513
268516
268520
268521
268528
268546
268551
268628
268630
268671
268708
268711
268719
268738
268747
268792
268810
268812
268818
268843
268848
268850
268975
269032
269034
269038
269039
269041
269046
269058
269060
269080
269092
269101
269134
269140
269146
269149
269151
269156
269158
269162
269215
269238
269277
269284
269286
269296
269320
269328
269360
269418
269447
269450
269451
269482
269492
269496
269521
269532
269535
269554
269577
269588
269590
269623
269651
269678
269685
269693
269702
269705
269713
269732
269768
269772
269806
269817
269825
269880
269903
270004
270007
270045
270063
270080
270086
270091
270100
270136
270154
270156
270172
270177
270203
270211
270236
270268
270300
270307
270311
270317
270362
270368
270386
270394
270396
270402
270404
270406
270408
270412
270415
270431
270440
270443
270447
270453
270458
270463
270470
270500
270501
270509
270510
270511
270514
270519
270520
270521
270582
270597
270600
270609
270618
270621
270632
270659
270672
270675
270683
270708
270715
270719
270742
270761
270769
270777
270782
270789
270793
270804
270821
270833
270836
270853
270868
270881
270888
270896
270908
270920
270921
270944
270963
270973
270981
270983
270990
271004
271007
271016
271027
271032
271067
271080
271093
271109
271131
271139
271141
271149
271156
271167
271177
271185
271189
271192
271195
271197
271201
271204
271208
271212
271214
271223
271232
271286
271292
271301
271368
271370
271371
271380
271389
271397
271399
271418
271423
271441
271458
271464
271486
271561
271563
271566
271590
271601
271624
271695
271741
271744
271765
271780
271799
271804
271811
271831
271851
271855
271866
271882
271895
271906
271909
271932
271945
271973
272017
272050
272074
272079
272099
272107
272122
272125
272137
272150
272163
272193
272203
272262
272265
272270
272302
272333
272368
272384
272385
272396
272398
272426
272460
272470
272478
272520
272526
272545
272548
272572
272589
272606
272616
272627
272642
272689
272696
272711
272716
272729
272744
272781
272791
272841
272845
272869
272882
272902
272910
272931
272954
272974
273075
273081
273098
273111
273167
273177
273187
273266
273268
273276
273280
273286
273289
273291
273312
273352
273357
273379
273387
273399
273402
273405
273408
273416
273443
273479
273562
273566
273584
273649
273658
273686
273785
273823
273829
273871
273884
273888
273895
273917
273922
273926
273941
273949
273984
273991
274027
274052
274068
274090
274101
274123
274130
274146
274152
274173
274179
274200
274211
274216
274231
274236
274257
274288
274353
274368
274383
274395
274411
274441
274443
274542
274589
274605
274631
274651
274674
274689
274694
274707
274715
274735
274755
274779
274784
274800
274827
274871
274880
274891
274897
274903
274911
274942
274949
274954
274962
274977
274990
275036
275050
275053
275066
275080
275108
275147
275159
275172
275176
275194
275240
275242
275252
275265
275282
275289
275301
275303
275313
275325
275356
275381
275393
275419
275440
275447
275512
275520
275557
275565
275573
275575
275580
275607
275628
275645
275668
275753
275765
275768
275782
275786
275794
275845
275851
275906
275923
275927
275965
275990
276011
276028
276039
276042
276053
276096
276112
276126
276149
276164
276181
276204
276229
276234
276250
276263
276288
276323
276346
276357
276369
276427
276440
276441
276460
276466
276499
276509
276550
276560
276568
276581
276607
276613
276641
276648
276668
276689
276761
276769
276805
276853
276872
276915
276926
276935
276966
276975
277013
277021
277036
277045
277072
277095
277116
277126
277154
277159
277179
277198
277249
277263
277292
277298
277309
277317
277359
277364
277382
277394
277415
277421
277469
277485
277524
277541
277573
277579
277597
277617
277620
277695
277711
277715
277724
277732
277744
277756
277793
277803
277804
277806
277818
277833
277852
277868
277879
277896
277913
277934
277951
277955
277968
277986
278002
278021
278036
278041
278054
278060
278076
278090
278102
278119
278138
278157
278174
278188
278198
278211
278221
278269
278579
278583
278595
278600
278605
278671
278672
278741
278751
278753
278769
278775
278780
278804
278831
278832
278846
278854
278856
278873
278874
278887
278889
278912
278919
278935
278937
278938
278940
278946
278958
278961
278962
278968
278970
278993
279002
279003
279015
279018
279034
279051
279052
279066
279067
279070
279071
279082
279105
279109
279111
279113
279114
279119
279137
279152
279163
279198
279213
279231
279245
279252
279280
279308
279320
279341
279362
279390
279396
279409
279415
279433
279446
279482
279495
279557
279570
279582
279587
279596
279611
279612
279634
279637
279638
279646
279675
279693
279713
279728
279745
279754
279770
279779
279797
279806
279825
279837
279860
279876
279877
279878
279897
279906
279950
279951
279994
280026
280070
280085
280093
280106
280130
280147
280198
280236
280240
280281
280321
280346
280355
280373
280379
280383
280402
280442
280454
280464
280473
280486
280488
280505
280517
280526
280544
280555
280573
280593
280612
280617
280633
280655
280670
280674
280711
280728
280732
280752
280759
280769
280785
280789
280798
280841
280851
280852
280860
280879
280901
280918
280935
280954
280959
280960
280961
280988
281001
281031
281040
281058
281066
281078
281085
281154
281178
281196
281211
281217
281239
281248
281270
281276
281281
281300
281305
281320
281326
281347
281348
281354
281386
281414
281419
281423
281438
281454
281474
281515
281553
281601
281632
281675
281704
281737
281761
281791
281804
281805
281812
281854
281864
281887
281901
281914
281921
281935
281937
