255469
255467
255466
255465
255463
255447
255442
255440
255415
255402
255398
255352
255351
255350
255283
255280
255278
255276
255275
255256
255255
255253
255252
255251
255249
255248
255247
255242
255240
255182
255180
255177
255176
255173
255171
255167
255162
255159
255154
255111
255091
255086
255085
255082
255079
255076
255075
255074
255073
255071
255068
255042
255010
255009
255008
254984
254983
254654
254653
254652
254651
254649
254648
254646
254644
254640
254632
254630
254629
254621
254608
254607
254606
254604
254479
254476
254422
254419
254396
254395
254394
254381
254378
255618
255617
255616
255615
255614
255592
255591
255583
255582
255577
255543
255542
255540
255539
255538
255537
255535
255534
255533
255515
256420
256418
256417
256415
256373
256372
256371
256368
256367
256366
256365
256364
256363
256362
256361
256357
256356
256311
256307
256302
256298
256297
256295
256292
256290
256289
256287
256284
256283
256282
256281
256231
256228
256227
256225
256223
256222
256219
256215
256213
256212
256210
256207
256204
256169
256161
256158
256157
256156
256149
256148
256147
256146
258537
258499
258498
258477
258456
258454
258452
258426
258399
258393
258391
258388
258387
258359
258336
258332
258307
258306
258303
258302
258301
258299
258280
258279
258278
258276
258274
258273
258272
258271
258270
258259
258258
258257
258256
258204
258203
258202
258197
258178
258117
258114
258113
258112
258109
258108
258107
258063
258062
258060
258059
258049
258048
258046
258045
258042
258041
258039
258019
258017
258014
258012
258008
257989
257986
257979
257971
257963
257960
257958
257957
257939
257937
257936
257932
257912
257909
257908
257901
257893
257892
257855
257853
257851
257850
257804
257803
257799
257798
257797
257773
257754
257737
257735
257734
257733
257727
257725
257724
257697
257694
257688
257687
257685
257684
257682
257644
257642
257636
257635
257632
257630
257606
257605
257604
257601
257595
257594
257592
257590
257588
257587
257566
257565
257564
257563
257562
257561
257560
257541
257540
257531
257530
257492
257491
257490
257488
257487
257474
257468
257457
257433
257364
257358
257330
257322
257320
257318
257260
257224
257095
257092
257086
257084
257083
257082
257080
257078
257077
257075
257071
257012
257011
256944
256942
256941
256697
256695
256694
256691
256684
256681
256677
256676
256658
256620
256619
256592
256591
256589
256567
256565
256564
256562
256561
256560
256557
256556
256554
256552
256512
256510
256506
256504
260014
260011
260010
259979
259961
259954
259888
259868
259867
259866
259860
259842
259841
259822
259789
259788
259756
259751
259750
259747
259713
259711
259705
259704
259703
259700
259697
259668
259650
259649
259477
259471
259469
259396
259395
259394
259382
259381
259380
259379
259378
259342
259341
259340
259339
259334
259307
259305
259303
259302
259274
259273
259272
259271
259270
259269
259264
259263
259261
259257
259164
259162
259118
259117
259099
259086
258964
258962
258931
258923
258921
258920
258919
258890
260647
260616
260615
260614
260613
260611
260586
260564
260542
260541
260540
260539
260537
260497
260496
260495
260490
260487
260482
260481
260476
260475
260472
260471
260447
260441
260440
260437
260435
260432
260429
260411
260379
260357
260354
260351
260340
260338
260313
260312
260310
260240
260218
260217
260216
261100
261099
261096
261095
261094
261093
261088
261083
261076
261065
261055
261052
261027
261026
261025
261022
261020
260993
260992
260963
260960
260938
260936
260935
260934
260920
260914
260913
260815
260811
260810
260809
260808
260806
260804
260801
260800
260797
260794
260790
260788
260786
260784
260782
260781
260780
260777
260770
260763
260752
260751
260750
260749
260741
260740
260728
260727
260723
260722
260719
260713
260710
260704
260700
260695
260693
260691
260689
260672
260671
260667
260657
260655
260650
260649
264035
264033
263985
263984
263981
263979
263978
263977
263923
263920
263917
263916
263905
263866
263863
263861
263830
263829
263824
263823
263813
263810
263803
263793
263792
263790
263789
263787
263786
263785
263784
263744
263743
263741
263739
263738
263737
263691
263690
263689
263682
263663
263662
263657
263654
263653
263652
263648
263647
263540
263497
263496
263490
263487
263332
262858
262855
262853
262849
262847
262844
262842
262841
262778
262777
262776
262768
262760
262727
262725
262723
262719
262717
262716
262713
262712
262706
262705
262635
262632
262628
262594
262593
262583
262578
262574
262572
262571
262570
262569
262568
262567
262563
262537
262533
262532
262528
262492
262487
262451
262450
262430
262429
262428
262424
262423
262422
262419
262418
262399
264347
264346
264345
264341
264336
264312
264306
264305
264281
264279
264277
264273
264267
264266
264265
264264
264262
264261
264260
264259
264238
264235
264233
264232
264198
264197
264194
264190
264188
264168
264164
264139
264138
264137
264134
264133
264129
264110
264109
264086
264085
264082
264078
264076
